# n1rms/n2rms fetch list for the e2e_stage1_best eval campaign
# 875 validation + 875 matched-train shots (seed-42 split, deduped)
# generated 2026-08-01 from data/outputs/eval_suite/e2e_stage1_best/labels/shots_{val,train}.csv

190003
190013
190015
190016
190018
190032
190040
190041
190044
190049
190057
190059
190064
190068
190070
190071
190073
190082
190084
190095
190102
190104
190108
190109
190110
190113
190116
190119
190122
190123
190124
190131
190156
190159
190161
190162
190165
190168
190176
190186
190199
190200
190201
190210
190212
190213
190215
190216
190218
190219
190221
190223
190226
190228
190233
190235
190244
190245
190246
190247
190253
190262
190266
190268
190275
190279
190285
190290
190297
190305
190306
190331
190333
190344
190350
190353
190358
190360
190361
190366
190369
190371
190372
190386
190394
190398
190401
190402
190404
190430
190435
190436
190452
190456
190459
190462
190468
190470
190475
190476
190480
190487
190489
190490
190492
190507
190508
190510
190513
190519
190522
190527
190531
190532
190539
190558
190560
190562
190568
190570
190573
190575
190576
190578
190579
190585
190589
190593
190594
190596
190606
190610
190612
190616
190617
190621
190625
190626
190631
190635
190636
190637
190638
190641
190649
190668
190669
190684
190697
190703
190713
190715
190722
190729
190731
190738
190740
190741
190749
190753
190754
190762
190769
190773
190779
190790
190794
190801
190803
190804
190805
190807
190809
190816
190822
190832
190847
190850
190858
190868
190873
190874
190894
190895
190906
190912
190919
190921
190925
190928
190932
190939
190942
190952
190956
190962
190966
190996
191008
191010
191014
191020
191023
191026
191028
191031
191034
191041
191048
191050
191053
191056
191058
191060
191062
191066
191083
191096
191104
191112
191137
191157
191158
191163
191167
191172
191185
191186
191189
191195
191199
191219
191226
191228
191230
191234
191245
191248
191252
191254
191257
191264
191269
191277
191292
191308
191310
191311
191317
191322
191328
191332
191334
191347
191350
191354
191357
191360
191366
191367
191373
191384
191386
191388
191391
191396
191400
191408
191411
191412
191414
191415
191422
191423
191424
191431
191434
191438
191441
191445
191446
191448
191452
191463
191479
191481
191484
191498
191500
191501
191503
191511
191514
191521
191531
191533
191535
191536
191545
191553
191555
191559
191560
191566
191574
191580
191588
191589
191591
191597
191599
191604
191609
191614
191615
191619
191621
191622
191632
191650
191653
191654
191656
191657
191661
191664
191668
191673
191675
191679
191693
191698
191699
191700
191709
191712
191714
191718
191720
191724
191729
191739
191748
191753
191757
191759
191760
191762
191764
191765
191770
191772
191774
191776
191777
191790
191791
191792
191793
191799
191802
191808
191812
191816
191820
191826
191832
191840
191851
191852
191855
191860
191868
191875
191878
191886
191901
191903
191908
191910
191912
191918
191929
191935
191938
191942
191944
191945
191949
191952
191966
191972
191976
191978
191979
191980
191996
192000
192007
192009
192015
192018
192031
192035
192043
192053
192057
192074
192077
192080
192083
192086
192087
192088
192091
192092
192101
192106
192114
192123
192130
192138
192139
192149
192153
192161
192162
192166
192176
192182
192189
192200
192210
192211
192212
192213
192216
192221
192226
192231
192232
192233
192234
192244
192248
192252
192268
192286
192291
192296
192325
192330
192332
192336
192348
192352
192355
192362
192364
192366
192368
192377
192379
192383
192387
192388
192391
192397
192419
192421
192424
192429
192430
192432
192437
192440
192451
192455
192458
192461
192465
192478
192480
192481
192483
192486
192488
192489
192490
192496
192497
192505
192508
192516
192520
192524
192533
192537
192542
192543
192544
192546
192553
192555
192556
192561
192568
192572
192573
192578
192595
192599
192605
192607
192610
192613
192614
192618
192624
192627
192630
192638
192646
192654
192656
192657
192659
192672
192681
192685
192688
192693
192697
192710
192714
192721
192722
192723
192730
192731
192735
192736
192744
192750
192751
192752
192759
192778
192782
192787
192794
192795
192797
192798
192808
192817
192823
192824
192825
192830
192836
192843
192850
192858
192859
192866
192885
192888
192893
192894
192901
192904
192907
192909
192911
192916
192921
192923
192953
192954
192956
192973
192974
192975
192978
192981
192983
192984
192991
192992
192995
192999
193019
193024
193036
193042
193044
193045
193048
193053
193056
193069
193070
193083
193096
193099
193115
193131
193140
193153
193155
193156
193157
193159
193162
193170
193171
193179
193187
193194
193203
193209
193210
193214
193216
193218
193219
193221
193222
193227
193234
193239
193240
193246
193250
193251
193252
193255
193258
193268
193275
193278
193284
193287
193289
193295
193298
193300
193301
193307
193316
193321
193332
193334
193340
193347
193349
193351
193354
193360
193367
193368
193370
193371
193378
193379
193381
193386
193393
193394
193398
193399
193402
193403
193409
193412
193415
193422
193426
193436
193443
193459
193463
193470
193475
193477
193479
193480
193481
193486
193489
193502
193504
193513
193516
193517
193519
193525
193534
193541
193542
193550
193555
193559
193562
193573
193594
193595
193597
193598
193606
193608
193609
193610
193616
193620
193637
193638
193650
193651
193653
193655
193666
193670
193677
193679
193691
193692
193716
193722
193726
193732
193734
193735
193745
193769
193779
193782
193791
193794
193801
193807
193810
193817
193819
193835
200005
200006
200007
200012
200015
200016
200018
200022
200023
200027
200035
200038
200042
200051
200062
200070
200073
200074
200096
200105
200109
200110
200115
200117
200121
200125
200126
200128
200138
200146
200147
200160
200166
200170
200175
200177
200181
200182
200187
200189
200193
200195
200197
200199
200201
200203
200205
200208
200216
200224
200226
200228
200232
200234
200237
200243
200273
200275
200281
200288
200292
200299
200314
200316
200331
200333
200337
200341
200368
200369
200370
200375
200376
200378
200380
200382
200387
200393
200401
200404
200405
200416
200423
200430
200435
200440
200445
200446
200455
200456
200463
200464
200474
200478
200479
200483
200492
200496
200502
200504
200508
200510
200519
200521
200525
200531
200534
200543
200544
200545
200547
200558
200565
200575
200578
200579
200587
200588
200598
200599
200607
200610
200613
200623
200629
200643
200651
200653
200654
200655
200659
200660
200663
200675
200678
200681
200686
200698
200699
200707
200708
200709
200714
200724
200726
200729
200731
200733
200735
200738
200741
200745
200753
200757
200762
200767
200780
200781
200790
200794
200795
200803
200810
200811
200818
200820
200823
200824
200828
200831
200836
200841
200847
200849
200850
200856
200867
200870
200873
200874
200876
200885
200888
200889
200892
200897
200899
200901
200903
200904
200905
200908
200919
200923
200931
200939
200940
200943
200948
200951
200958
200962
200966
200969
200977
200983
200986
200987
200989
200990
200992
200993
200996
200997
201002
201009
201012
201026
201029
201030
201033
201036
201037
201038
201040
201041
201046
201056
201062
201077
201080
201082
201083
201085
201087
201098
201103
201111
201112
201119
201121
201139
201144
201145
201147
201148
201151
201152
201158
201161
201163
201166
201169
201170
201171
201172
201173
201186
201190
201191
201207
201220
201224
201225
201228
201235
201237
201242
201247
201259
201265
201293
201299
201303
201308
201317
201334
201347
201354
201369
201374
201379
201380
201385
201389
201392
201393
201394
201395
201401
201418
201422
201439
201445
201447
201456
201463
201464
201467
201472
201481
201486
201489
201490
201491
201510
201516
201530
201534
201545
201555
201559
201563
201569
201570
201571
201574
201582
201593
201604
201608
201610
201619
201620
201624
201625
201633
201639
201646
201649
201664
201667
201670
201672
201674
201676
201677
201681
201682
201688
201689
201690
201693
201699
201701
201705
201707
201719
201720
201721
201723
201754
201757
201760
201766
201771
201776
201778
201781
201782
201789
201793
201807
201808
201811
201812
201822
201825
201828
201832
201833
201834
201837
201838
201841
201844
201848
201856
201859
201863
201869
201872
201876
201877
201888
201896
201903
201906
201909
201915
201916
201932
201933
201938
201939
201941
201945
201951
201958
201960
201967
201969
201971
201973
201985
202006
202026
202027
202030
202031
202033
202036
202039
202042
202052
202053
202067
202070
202073
202078
202080
202085
202086
202096
202099
202103
202108
202121
202122
202124
202126
202127
202134
202135
202137
202141
202144
202157
202158
202166
202177
202180
202183
202189
202190
202199
202207
202208
202214
202217
202225
202227
202233
202234
202239
202245
202247
202249
202259
202262
202272
202275
202276
202277
202278
202280
202281
202282
202291
202299
202303
202316
202329
202335
202338
202342
202347
202351
202357
202373
202377
202386
202387
202388
202391
202399
202404
202407
202411
202418
202421
202422
202423
202427
202434
202438
202440
202461
202463
202481
202485
202487
202490
202492
202502
202504
202505
202516
202519
202525
202527
202530
202531
202547
202548
202551
202559
202560
202565
202571
202572
202573
202592
202593
202597
202598
202613
202615
202616
202629
202630
202634
202639
202643
202645
202650
202651
202656
202668
202676
202680
202683
202690
202695
202700
202709
202716
202719
202724
202733
202735
202750
202754
202756
202757
202761
202763
202764
202767
202772
202776
202778
202780
202792
202795
202796
202799
202802
202817
202819
202820
202821
202823
202824
202825
202830
202833
202835
202836
202840
202845
202848
202853
202854
202855
202860
202862
202865
202867
202868
202871
202874
202877
202883
202886
202887
202891
202892
202894
202897
202902
202905
202909
202912
202921
202927
202928
202934
202946
202947
202948
202958
202961
202964
202966
202968
202971
202977
202979
202986
202987
202996
203002
203004
203006
203008
203009
203021
203022
203023
203027
203030
203038
203046
203047
203052
203057
203063
203065
203067
203080
203081
203082
203083
203085
203088
203091
203095
203099
203104
203109
203117
203123
203128
203139
203140
203141
203143
203144
203145
203151
203154
203183
203189
203191
203195
203198
203212
203230
203231
203234
203235
203250
203252
203256
203260
203266
203273
203276
203280
203293
203302
203304
203311
203314
203327
203346
203349
203350
203353
203355
203372
203373
203388
203391
203400
203408
203409
203414
203415
203422
203426
203431
203434
203438
203442
203466
203467
203475
203478
203481
203488
203492
203499
203503
203505
203514
203521
203536
203538
203539
203540
203542
203549
203556
203562
203568
203577
203582
203585
203586
203592
203595
203599
203607
203615
203616
203619
203622
203632
203634
203635
203638
203652
203655
203656
203657
203662
203673
203679
203685
203690
203692
203694
203695
203702
203743
203744
203747
203753
203757
203763
203773
203786
203789
203790
203802
203809
203813
203822
203827
203832
203833
203844
203847
203849
203850
203851
203853
203856
203864
203867
203868
203884
203891
203893
203899
203901
203911
203913
203916
203919
203928
203933
203936
203938
203941
203957
203961
203962
203964
203965
203967
203970
203971
203981
203982
203986
204000
204007
204017
204030
204033
204041
204043
204045
204047
204059
204062
204069
204077
204085
204099
204100
204101
204105
204106
204111
204113
204120
204123
204124
204125
204126
204150
204151
204154
204155
204160
204162
204164
204167
204168
204175
204185
204190
204191
204192
204193
204201
204206
204208
204216
204219
204229
204231
204233
204236
204250
204254
204258
204268
204269
204271
204273
204278
204289
204293
204295
204296
204299
204303
204304
204305
204309
204314
204321
204337
204349
204353
204366
204369
204370
204377
204378
204379
204380
204381
204382
204387
204390
204391
204393
204398
204403
204407
204412
204413
204416
204429
204436
204447
204449
204450
204452
204453
204454
204456
204460
204461
204463
204471
204472
204475
204486
204488
204495
204498
204504
204505
204510
204516
204521
204523
204537
204546
204549
204577
204588
204591
204597
204604
204611
204613
204616
204617
204621
204622
204625
204628
204631
204632
204635
204638
204641
204644
204646
204648
204655
204663
204672
204677
204678
204688
204690
204697
204698
204702
204704
204705
204713
204714
204718
204727
204732
204735
204736
204741
204750
204751
204762
204764
204774
204779
204783
204793
204794
204798
204804
204809
204819
204825
204846
204849
204854
204871
204874
204880
204886
204896
204898
204904
204906
204912
204923
204924
204930
204960
204969
204975
204978
204982
204983
204993
