170659
170660
170661
170662
170663
170664
170665
170666
170667
170669
170671
170672
170675
170677
170678
170679
170714
170715
170716
170717
170718
170719
170720
170721
170722
170724
170725
170727
170729
170730
170790
170791
170792
170793
170794
170795
170797
170798
170799
170801
170803
170805
170806
170807
170808
170809
170810
170811
170813
170814
170815
170816
171998
171999
172000
172001
172002
172005
172007
172008
172009
172010
172011
172012
172013
172017
172018
172019
172024
172025
172028
175239
175240
175241
175244
175245
175250
175251
175252
175955
175956
175957
175958
175960
175962
175963
175964
175965
175967
175970
175971
175972
175973
175975
175976
175977
175978
175979
175980
175981
175982
175983
175984
175985
175986
175987
176003
176005
176006
176007
176009
176010
176011
176012
176013
176014
176031
176032
176033
176035
176036
176037
176038
176039
176040
176041
176042
176043
176044
176045
176046
176047
176048
176049
176050
176052
176053
176054
176055
176056
176057
176058
176060
176061
176517
176518
176519
176520
176521
176522
176524
176526
176528
176529
176531
176532
176533
176537
176540
176541
176543
176544
176547
176548
176549
176551
178630
178631
178632
178633
178634
178635
178636
178637
178639
178640
178641
178642
178872
178879
