140444
140445
140446
140447
140448
140452
140453
140454
140455
140456
140457
140458
140460
140462
140466
140467
140468
140469
140470
140471
140472
140475
140476
140496
140498
140499
140500
140501
140502
140503
140504
140505
140506
140507
140508
140509
140510
140511
140512
140513
140514
140515
140516
140517
140518
140520
140521
140522
140631
140632
140633
140634
140635
140636
140637
140638
140639
140640
140641
140642
140643
140644
140645
140646
140648
140649
140651
140652
140654
140656
140657
140658
140659
140660
140661
140662
140663
140665
140666
140667
140670
140672
140673
140674
140675
140676
140677
140678
140679
140680
140682
140683
140684
140685
140686
140688
140689
140690
140691
140693
140695
140696
140697
140698
140700
140701
140702
140703
140732
140733
140734
140735
140739
140740
140762
140763
140764
140766
140767
140768
140769
140771
140772
140773
140774
140776
140778
140779
140780
140781
140782
140783
140784
140785
140786
140787
140788
140790
140792
140793
140794
140795
140796
140797
140798
140799
140867
140868
140869
140873
140874
140875
140876
140877
140878
140879
140880
140881
140882
140883
140884
140885
140886
140887
140888
140889
140890
140891
140892
140893
140894
140895
140896
140905
140906
140907
140912
140915
140916
140917
140918
140919
140920
140921
140922
140923
140924
140925
140926
140927
140942
140943
140944
140945
140946
140948
140949
140950
140952
140953
140955
140956
140957
140958
140959
140960
140961
140964
140965
140966
140967
140968
140969
141007
141008
141009
141010
141011
141012
141013
141014
141016
141017
141018
141020
141021
141023
141024
141025
141026
141027
141028
141036
141037
141044
141047
141048
141049
141050
141051
141052
141053
141054
141055
141056
141064
141065
141069
141070
141071
141072
141073
141074
141075
141076
141077
141078
141082
141084
141085
141086
141087
141088
141089
141090
141091
141093
141094
141119
141120
141121
141123
141124
141125
141126
141127
141128
141129
141130
141131
141132
141133
141141
141142
141143
141144
141145
141146
141147
141148
141149
141150
141213
141215
141217
141218
141221
141222
141224
141227
144340
144341
144367
144376
144380
144381
144382
144383
144384
144385
144410
144445
144446
144448
144449
144450
144451
144452
144453
144454
144455
144456
144457
144462
144463
144464
144465
144466
144467
144468
144469
144470
144471
144472
144473
144474
144475
144476
144477
144478
144479
144480
144481
144482
144483
144484
144485
144486
144487
144488
144489
144490
144491
144492
144513
144522
144523
144524
144525
144528
144533
144548
144552
144553
144770
144771
144782
144786
144787
144789
144790
144791
144793
144794
144795
144796
144832
144840
144887
144888
144889
144894
144895
144896
144899
144900
144903
144912
144918
144919
144921
144922
144923
144924
144926
144927
144928
144929
144930
144975
144977
144978
144981
144982
144983
144984
144985
144986
144987
144988
144989
144990
144991
144992
144993
144994
144995
144996
144997
144998
145000
145001
145002
145011
145012
145013
145014
145015
145016
145017
145018
145019
145020
145021
145023
145024
145025
145026
145027
145028
145029
145030
145031
145033
145034
145035
145043
145044
145046
145047
145048
145049
145051
145055
145056
145064
145066
145068
145069
145070
145079
145081
145082
145084
145086
145087
145089
145090
145091
145094
145095
145097
145098
145107
145108
145109
145112
145113
145114
145115
145116
145117
145118
145119
145120
145121
145127
145128
145129
145150
145319
145322
145323
145324
145332
145333
145338
145339
145342
145343
145345
145346
145347
145348
145349
145350
145351
145352
145354
145355
145356
145357
145358
145359
145360
145361
145362
145363
145364
145365
145366
145367
145375
145378
145379
145380
145381
145382
145383
145384
145385
145386
145387
145388
145389
145391
145392
145407
145408
145409
145410
145411
145412
145413
145415
145416
145419
145421
145422
145425
145426
145427
145435
145436
145437
145438
145439
145440
145441
145442
145444
145445
145446
145448
145449
145450
145451
145452
145455
145456
145457
145458
145459
145460
145462
145463
145464
145465
145466
145467
145468
145469
145470
145471
145472
145473
145546
145576
145577
145578
145584
145585
145590
145591
145592
145595
145596
145597
145650
145652
145653
145655
145656
145657
145658
145659
145661
145764
145766
145794
145806
145809
145810
145853
145854
145856
145857
145859
145861
145862
145863
145864
145865
145869
145870
145880
145887
145888
145890
145892
145893
145894
145895
145896
145897
145898
145899
145900
145901
145902
145903
145904
145905
145906
145907
145908
145909
145912
145913
145914
145915
145916
145918
145919
145926
145927
145932
145933
145934
145935
145936
145942
145943
145944
145945
145946
145947
145948
145949
145950
145951
145952
145953
145954
145963
145964
145965
145966
145967
145968
145969
145970
145971
145972
145973
145974
145975
145976
145977
145978
145979
145980
145981
145982
145983
145984
145985
145986
145987
145988
145989
145990
145992
145993
145996
145997
146013
146018
146019
146020
146045
146049
146050
146051
146052
146053
146054
146055
146056
146057
146058
146059
146065
146067
146070
146071
146152
146171
146176
146177
146205
146380
146384
146388
146389
146394
146395
146397
146398
146399
146400
146401
146402
146407
146410
146411
146412
146413
146414
146415
146416
146417
146418
146419
146420
146421
146422
146427
146428
146429
146430
146431
146433
146434
146436
146437
146438
146439
146443
146444
146445
146446
146447
146448
146449
146451
146452
146453
146454
146455
146457
146459
146462
146473
146475
146478
146479
146482
146483
146484
146485
146486
146487
146489
146490
146491
146493
146495
146496
146498
146503
146504
146505
146506
146507
146508
146509
146510
146511
146512
146513
146514
146517
146518
146519
146520
146521
146524
146525
146526
146532
146534
146535
146536
146537
146538
146539
146540
146541
146543
146544
146545
146546
146547
146548
146549
146554
146555
146556
146558
146559
146565
146566
146567
146569
146570
146572
146574
146575
146576
146577
146578
146580
146581
146583
146584
146585
146586
146587
146588
146589
146590
146593
146594
146595
146596
146597
146598
146599
146600
146601
146602
146603
146604
146605
146606
146614
146615
146618
146619
146620
146621
146622
146623
146625
146626
146628
146629
146630
146631
146632
146633
146634
146635
146636
146637
146638
146640
146643
146644
146645
146647
146648
146649
146650
146651
146652
146653
146654
146655
146656
146657
146664
146665
146666
146667
146669
146670
146671
146673
146674
146676
146677
146686
146687
146692
146716
146717
146718
146719
146720
146721
146722
146723
146728
146729
146731
146732
146733
146734
146735
146736
146737
146738
146739
146740
146741
146742
146744
146745
146746
146747
146748
146749
146750
146751
146752
146754
146755
146756
146757
146772
146774
146777
146778
146783
146784
146785
146787
146788
146789
146790
146791
146794
146795
146796
146797
146798
146799
146800
146801
146802
146803
146804
146805
146806
146807
146808
146809
146811
146812
146813
146820
146821
146823
146824
146825
146984
146985
146986
146988
146998
146999
147002
147011
147012
147015
147016
147023
147024
147025
147026
147027
147033
147034
147035
147043
147044
147051
147052
147053
147055
147056
147059
147060
147062
147066
147067
147078
147081
147083
147084
147085
147087
147089
147090
147091
147092
147093
147095
147098
147099
147100
147101
147102
147103
147104
147105
147106
147107
147117
147118
147120
147121
147122
147124
150518
150519
150520
150521
150523
150524
150525
150528
150531
150533
150536
150537
150554
150601
150602
150603
150604
150605
150606
150607
150610
150613
150614
150615
150616
150617
150618
150619
150620
150621
150622
150624
150635
150639
150640
150645
150647
150649
150650
150652
150660
150661
150662
150663
150665
150666
150667
154293
154294
154295
154296
154297
154298
154302
154303
154363
154364
154365
154366
154368
154369
154370
154371
154372
154373
154374
154375
154376
154377
154378
154379
154380
154381
154382
154385
154391
154405
154406
154407
154408
154409
154410
154413
154414
154415
154417
154419
154421
154428
154429
154430
154431
154432
154433
154434
154435
154436
154437
154438
154442
154521
154522
154523
154524
154525
154528
154530
154532
154534
154716
154717
154718
154719
154720
154721
154722
154723
154724
154725
154726
154727
154728
154729
154730
154731
154732
154733
154734
154735
154736
154737
154738
154739
154740
154741
154742
154743
154749
154849
154850
154851
154852
154853
154854
154855
154856
154857
154858
154859
154860
154861
154862
154863
154864
154865
154866
154867
154869
154870
154871
154873
154921
154929
154976
154977
154979
154980
154981
154982
154983
154984
154985
154986
154987
154988
154989
154990
154991
154992
155114
155120
155161
155182
155183
155184
155187
155188
155189
155190
155191
155193
155194
155195
155196
155197
155198
155199
155200
155201
155202
155208
155209
155210
155211
155212
155215
155216
155226
155229
155232
155234
155237
155238
155239
155246
155248
155250
155255
155265
155267
155268
155269
155270
155271
155272
155273
155274
155275
155276
155277
155278
155279
155280
155281
155282
155283
155284
155285
155286
155287
155288
155289
155290
155291
155292
155293
155294
155295
155296
155297
155298
155300
155301
155380
155381
155384
155386
155436
155438
155439
155441
155442
155446
155449
155450
155451
155535
155536
155537
155538
155539
155540
155541
155542
155543
155544
155545
155546
155547
155548
155549
155550
155551
155552
155553
155554
155555
155556
155557
155558
155559
156340
156341
156342
156477
156503
156504
156507
156508
156509
156510
156513
156514
156515
156516
156517
156520
156521
156522
156523
156524
156525
156526
156533
156634
156637
156640
156641
156642
156643
156644
156645
156646
156647
156648
156649
156650
156651
156652
156653
156655
156656
156658
156659
156660
156668
156670
156686
156687
156688
156695
156696
156699
156700
156701
156702
156703
156704
156705
156707
156709
156710
156715
156716
156728
156730
156731
156732
156733
156734
156735
156736
156737
156738
156739
156742
156744
156745
156746
156747
156748
156753
156754
156755
156756
156757
156758
156759
156760
156761
156762
156763
156766
156770
156772
156773
156774
156775
156776
156778
156779
156785
156786
156788
156789
156791
156792
156794
156795
156797
156798
156800
156801
156802
156803
156804
156807
156808
156809
156810
156880
156881
156882
156883
156884
156888
156889
156891
156892
156894
156895
156896
156897
156898
156899
156901
156904
156905
156908
156910
156911
156912
156913
156915
156916
156917
156925
156926
156927
156928
156929
156930
156932
156933
156934
156935
156936
156937
156938
156939
156940
156941
156942
156943
156944
156945
156946
156947
157037
157038
157039
157040
157041
157042
157043
157044
157045
157046
157047
157048
157049
157050
157051
157052
157053
157058
157059
157060
157061
157062
157066
157068
157070
157071
157072
157073
157117
157118
157119
157120
157121
157122
157124
157125
157126
157128
157129
157133
157134
157135
157136
157139
157153
157154
157155
157156
157157
157158
157240
157241
157242
157243
157244
157246
157247
157248
157249
157250
157273
157274
157275
157276
157377
157378
157379
157380
157381
157399
157400
157401
157402
157403
157404
157405
157406
157407
157408
157409
157410
157411
157412
157414
157415
157416
157417
157418
157419
157420
157421
157422
157423
157424
157425
157426
157427
157430
157431
157432
157433
157434
157435
157482
157483
157484
157485
157486
157487
157488
157491
157492
157493
157494
157495
157496
157498
157499
157500
157501
157502
157503
157504
157505
157506
157507
157508
157509
157518
157519
157520
157521
157522
157523
157524
157525
157526
157527
157528
157529
157530
157531
157534
157535
157536
157537
157538
157540
157543
157553
157554
157555
157556
157557
157559
157560
157561
157564
157565
157567
157691
157692
157693
157694
157695
157696
157697
157698
157699
157700
157701
157712
157721
157724
157725
157726
157727
157728
157730
157732
157737
157738
157740
157741
157742
157743
157745
157746
157748
157749
157750
157751
157752
157753
157755
157756
157757
157758
157775
157776
157779
157780
157781
157786
157789
157790
157797
157798
157799
157800
157803
157804
157806
157822
157823
157824
157825
157826
157827
157828
157829
157830
157831
157832
157833
157834
157835
157836
157837
157838
157839
157840
157841
157842
157843
157897
157898
157899
157900
157901
157902
157903
157904
157905
157906
157908
157910
157912
157913
157914
157915
157920
157946
157947
157948
157949
157950
157952
157953
157954
157955
157956
157957
157968
157969
157970
157971
157972
157973
157974
157975
157978
157979
157980
157981
157982
157983
157984
157986
157989
157994
157995
157996
157999
158000
158001
158002
158003
158004
158006
158011
158012
158013
158014
158015
158016
158017
158018
158019
158020
158021
158022
158023
158033
158035
158036
158037
158038
158039
158040
158041
158042
158043
158090
158091
158096
158097
158098
158099
158100
158102
158103
158104
158105
158106
158107
158108
158109
158111
158112
158113
158115
158116
158118
158119
158120
158121
158122
158123
158124
158125
158174
158513
158514
158517
158519
158520
158521
158522
158523
158524
158525
158527
158528
158531
158533
158535
158536
158537
158538
158539
158540
158541
158542
158544
158545
158552
158553
158554
158557
158558
158559
158560
158561
158563
158564
158565
158566
158567
158568
158570
158571
158572
158574
158575
158576
158578
158579
158588
158589
158590
158591
158592
158593
158594
158595
158596
158597
158598
158599
158600
158601
158602
158603
158604
158605
158606
158607
158608
158609
158610
158611
158612
158613
158614
158615
158616
158617
158619
158630
158631
158632
158633
158634
158635
158637
158638
158639
158650
158652
158653
158654
158655
158657
158658
158659
158660
158661
158662
158663
158671
158672
158673
158674
158675
158676
158677
158679
158680
158683
158684
158685
158686
158687
158688
158689
158690
158691
158692
158693
158694
158695
158696
158697
158698
158699
158700
158701
158702
158703
158704
158705
158842
158888
158892
158895
158896
158897
158898
158899
158900
158901
158902
158903
158904
158905
158906
158911
158912
158913
158914
158915
158916
158917
158918
158919
158920
158921
158922
158923
158924
158925
158928
158929
158930
158931
158932
158933
158934
158935
158936
158937
158938
158940
158941
158942
158967
158968
158969
158970
158971
158972
158973
158974
158975
158976
158977
158978
158979
158980
158981
158986
158987
158988
158989
158990
158991
158992
158993
158994
158995
158996
158997
158998
158999
159000
159001
159002
159003
159004
159006
159007
159008
159009
159010
159011
159012
159013
159014
159015
159016
159017
159018
159019
159020
159021
159022
159023
159025
159035
159036
159037
159126
159127
159128
159129
159130
159132
159133
159151
159152
159158
159159
159160
159161
159168
159170
159171
159173
159174
159175
159176
159177
159178
159179
159180
159181
159182
159202
159203
159204
159205
159206
159208
159209
159210
159211
159213
159214
159215
159216
159217
159218
159219
159220
159221
159222
159223
159224
159225
159226
159227
159228
159229
159230
159231
159241
159242
159243
159244
159245
159246
159247
159248
159249
159250
159251
159253
159255
159256
159257
159258
159259
159260
159262
159263
159264
159265
159266
159267
159268
159269
159270
159271
159272
159273
159274
159275
159276
159277
159283
159284
159285
159286
159287
159288
159290
159291
159292
159293
159294
159295
159296
159297
159298
159299
159300
159301
159302
159303
159304
159305
159306
159307
159308
159309
159310
159311
159312
159313
159314
159315
159316
159317
159318
159319
159320
159321
159326
159327
159328
159329
159330
159331
159332
159333
159334
159335
159337
159338
159341
159343
159344
159345
159346
159372
159373
159375
159376
159377
159378
159379
159380
159381
159382
159383
159384
159386
159387
159388
159389
159390
159391
159392
159393
159394
159395
159396
159397
159398
159399
159404
159405
159406
159407
159408
159409
159410
159411
159412
159413
159414
159415
159416
159417
159418
159419
159420
159421
159422
159423
159424
159425
159426
159427
159428
159429
159430
159431
159432
159433
159434
159435
159436
159438
159440
159441
159442
159443
159447
159448
159450
159451
159452
159453
159454
159455
159456
159457
159458
159459
159460
159461
159462
159463
159464
159466
159467
159468
159469
159470
159471
159472
159473
159474
159475
159476
159481
159482
159554
159556
159557
159558
159559
159560
159561
159562
159563
159564
159566
159568
159569
159581
159588
159589
159590
159593
159595
159597
159599
159600
159601
159602
159604
159605
159607
159609
159610
159612
159614
159615
159616
159617
159618
159636
159638
159639
159640
159641
159642
159643
159644
159645
159709
159720
159721
159722
159723
159724
159725
159726
159727
159729
159730
159731
159732
159733
159734
159735
159740
159741
159742
159743
159744
159745
159747
160002
160004
160005
160007
160013
160014
160015
160017
160018
160020
160021
160022
160024
160025
160026
160027
160028
160029
160030
160031
160032
160033
160034
160035
160036
160037
160038
160039
160041
160042
160043
160045
160047
160054
160055
160056
160057
160058
160059
160060
160061
160062
160064
160065
160066
160067
160068
160069
160070
160072
160073
160074
160075
160076
160077
160078
160079
160080
160081
160082
160083
160084
160085
160086
160087
160092
160093
160094
160095
160096
160097
160098
160099
160100
160101
160102
160103
160104
160105
160106
160107
160108
160109
160110
160111
160112
160113
160114
160115
160116
160117
160118
160119
160120
160121
160122
160123
160124
160125
160126
160127
160128
160129
160130
160136
160137
160138
160139
160141
160142
160143
160144
160145
160146
160147
160148
160149
160150
160151
160152
160153
160154
160155
160156
160157
160158
160159
160160
160161
160162
160163
160164
160165
160166
160167
160168
160169
160170
160172
160173
160185
160238
160240
160241
160242
160243
160244
160245
160246
160247
160248
160249
160250
160251
160252
160253
160254
160255
160256
160258
160259
160260
160268
160269
160270
160271
160281
160282
160283
160286
160287
160288
160289
160290
160291
160303
160304
160305
160306
160307
160311
160312
160313
160314
160329
160330
160331
160332
160333
160334
160335
160336
160337
160338
160339
160340
160341
160352
160353
160354
160355
160356
160357
160358
160359
160360
160361
160362
160363
160364
160365
160366
160367
160368
160369
160371
160372
160373
160375
160376
160379
160380
160381
160382
160466
160467
160469
160470
160471
160473
160474
160475
160478
160483
160484
160485
160486
160487
160488
160489
160490
160491
160492
160493
160494
160495
160496
160497
160499
160500
160501
160502
160503
160504
160505
160506
160507
160508
160509
160510
160511
160512
160517
160519
160520
160521
160522
160523
160524
160525
160526
160527
160528
160529
160530
160531
160532
160538
160539
160540
160542
160543
160544
160546
160552
160553
160554
160555
160556
160557
160558
160559
160560
160561
160562
160563
160564
160565
160566
160567
160568
160569
160570
160571
160572
160573
160574
160575
160576
160578
160579
160631
160632
160633
160634
160635
160636
160639
160640
160641
160642
160643
160644
160645
160646
160647
160648
160649
160650
160651
160652
160653
160654
160655
160656
160657
160658
160659
160660
160664
160665
160666
160667
160668
160669
160670
160672
160673
160674
160675
160676
160677
160678
160679
160680
160681
160682
160683
160684
160685
160686
160687
160688
160689
160690
160691
160692
160693
160694
160699
160701
160702
160703
160705
160707
160708
160709
160710
160711
160712
160713
160714
160715
160716
160719
160721
160775
160776
160778
160779
160784
160791
160792
160793
160795
160796
160797
160798
160799
160800
160801
160802
160810
160811
160812
160890
160891
160892
160893
160896
160915
160917
160918
160919
160920
160921
160922
160964
160965
160966
160968
160969
160970
160971
160972
160973
160974
160986
160987
160988
160993
161026
161027
161028
161029
161030
161031
161032
161033
161034
161035
161036
161080
161081
161082
161083
161085
161086
161087
161088
161089
161090
161091
161092
161093
161094
161095
161096
161127
161129
161162
161163
161164
161165
161166
161167
161168
161169
161170
161171
161172
161173
161174
161188
161197
161207
161242
161243
161244
161245
161246
161247
161252
161253
161254
161255
161256
161257
161258
161259
161260
161261
161262
161263
161264
161280
161283
161284
161285
161286
161288
161289
161290
161292
161293
161294
161295
161296
161297
161298
161299
161300
161301
161302
161306
161307
161308
161309
161310
161319
161320
161321
161322
161323
161324
161325
161326
161328
161329
161330
161332
161336
161337
161338
161340
161341
161346
161347
161349
161350
161351
161352
161353
161354
161355
161356
161357
161359
161362
161364
161365
161367
161368
161370
161371
161372
161373
161374
162460
162463
162705
162707
162708
162709
162715
162716
162717
162718
162720
162721
162722
162723
162724
162725
162726
162727
162728
162729
162730
162731
162732
162733
162734
162746
162747
162748
162749
162750
162751
162752
162753
162754
162760
162761
162762
162763
162764
162765
162766
162767
162768
162769
162776
162777
162778
162779
162780
162782
162783
162784
162785
162786
162787
162788
162789
162790
162791
162792
162793
162794
162797
162798
162799
162800
162801
162802
162803
162804
162806
162808
162809
162810
162815
162866
162867
162868
162869
162871
162873
162874
162875
162876
162877
162887
162888
162889
162890
162891
162892
162893
162894
162895
162896
162898
162899
162901
162902
162903
162905
162906
162907
162908
162911
162912
162913
162914
162915
162916
162917
162918
162921
162922
162926
162927
162928
162929
162930
162931
162932
162933
162934
162935
162936
162937
162938
162939
162940
162941
162942
162943
162944
162945
162946
162947
162948
162949
162950
162951
162952
162953
162954
162955
162956
162957
162958
162959
162960
162961
162963
162964
162965
162966
162967
162968
162973
162974
162975
162976
162977
162978
162979
162980
162981
162985
162986
162987
162988
162989
162990
162991
162992
162993
162994
162995
162996
162997
162998
162999
163000
163001
163002
163003
163004
163005
163006
163019
163020
163021
163022
163023
163024
163025
163026
163027
163028
163029
163030
163031
163032
163033
163034
163035
163036
163037
163038
163039
163040
163041
163042
163044
163045
163046
163048
163049
163050
163057
163058
163059
163061
163062
163068
163071
163073
163074
163077
163078
163079
163080
163081
163082
163084
163085
163086
163087
163088
163089
163090
163091
163092
163093
163094
163095
163099
163102
163103
163104
163105
163106
163107
163108
163109
163110
163111
163112
163113
163114
163115
163116
163119
163120
163121
163122
163125
163126
163127
163128
163143
163144
163145
163148
163149
163150
163151
163152
163153
163154
163155
163156
163157
163161
163162
163163
163164
163165
163166
163167
163168
163169
163170
163171
163172
163173
163174
163175
163176
163177
163178
163179
163180
163181
163182
163183
163184
163216
163217
163218
163219
163220
163222
163223
163224
163225
163227
163229
163230
163303
163304
163305
163307
163308
163309
163311
163313
163314
163315
163316
163317
163318
163319
163320
163322
163323
163324
163326
163327
163328
163330
163331
163332
163333
163334
163335
163336
163429
163434
163438
163444
163446
163447
163448
163449
163450
163451
163463
163464
163465
163466
163467
163468
163469
163470
163471
163472
163473
163474
163476
163477
163478
163479
163480
163497
163500
163501
163502
163503
163504
163505
163506
163507
163508
163510
163511
163512
163513
163514
163516
163518
163519
163520
163521
163522
163523
163524
163525
163526
163532
163533
163534
163535
163536
163537
163538
163539
163540
163541
163542
163543
163544
163545
163547
163548
163549
163550
163551
163552
163553
163735
163736
163737
163738
163739
163740
163741
163742
163743
163751
163752
163753
163754
163760
163761
163762
163817
163819
163820
163821
163822
163823
163824
163825
163827
163828
163829
163830
163831
163832
163833
163835
163836
164279
164280
164281
164282
164283
164284
164285
164286
164287
164288
164289
164298
164299
164300
164301
164302
164303
164304
164305
164306
164308
164309
164310
164312
164313
164314
164315
164317
164318
164319
164320
164321
164322
164324
164325
164326
164327
164328
164329
164330
164331
164332
164333
164334
164335
164336
164337
164338
164345
164348
164351
164352
164353
164354
164355
164356
164357
164359
164360
164361
164362
164365
164367
164368
164369
164370
164373
164375
164424
164426
164438
164439
164440
164441
164442
164445
164447
164448
164451
164452
164453
164454
164456
164463
164464
164465
164466
164467
164468
164469
164470
164472
164480
164481
164492
164493
164494
164495
164496
164497
164498
164499
164500
164501
164502
164503
164504
164505
164507
164508
164509
164510
164511
164512
164513
164514
164515
164516
164517
164518
164519
164520
164523
164528
164529
164530
164531
164532
164533
164534
164535
164537
164538
164539
164540
164541
164542
164546
164547
164548
164549
164550
164551
164552
164553
164554
164555
164557
164558
164559
164560
164561
164562
164563
164564
164593
164594
164595
164596
164597
164598
164599
164600
164601
164602
164603
164605
164606
164607
164610
164611
164612
164613
164614
164618
164619
164620
164623
164624
164625
164629
164630
164631
164632
164633
164634
164635
164636
164637
164638
164639
164640
164641
164642
164646
164647
164648
164649
164650
164651
164652
164653
164654
164655
164656
164658
164659
164660
164661
164662
164663
164664
164666
164667
164668
164669
164670
164672
164673
164674
164675
164676
164677
164678
164679
164680
164681
164682
164684
164687
164688
164689
164695
164696
164697
164699
164709
164710
164716
164717
164718
164719
164720
164721
164722
164723
164724
164725
164814
164815
164816
164817
164818
164819
164820
164824
164825
164826
164827
164828
164829
164830
164831
164835
164836
164837
164838
164839
164840
164841
164842
164843
164844
164845
164846
164847
164848
164849
164850
164851
164852
164853
164854
164869
164870
164871
164872
164873
164874
164875
164876
164877
164878
164905
164906
164907
164910
164911
164913
164914
164915
164916
164917
164918
164919
164920
164921
164922
164923
164924
164925
165011
165012
165013
165014
165015
165016
165017
165018
165019
165020
165021
165022
165023
165024
165025
165026
165027
165028
165029
165030
165031
165033
165034
165037
165038
165039
165040
165041
165042
165043
165044
165051
165052
165053
165054
165055
165056
165057
165058
165059
165060
165061
165062
165063
165064
165065
165066
165067
165068
165069
165070
165071
165072
165073
165074
165075
165080
165100
165114
165115
165116
165144
165145
165146
165147
165148
165149
165150
165151
165168
165169
165170
165171
165172
165173
165177
165178
165179
165180
165181
165182
165183
165184
165186
165188
165189
165190
165191
165196
165197
165198
165199
165200
165201
165202
165203
165204
165210
165219
165223
165224
165225
165257
165259
165260
165261
165262
165263
165264
165265
165266
165269
165270
165271
165274
165275
165280
165281
165284
165285
165286
165287
165288
165289
165294
165295
165296
165297
165298
165299
165300
165301
165302
165303
165304
165305
165320
165321
165322
165323
165325
165346
165349
165351
165352
165353
165354
165355
165431
165432
165433
165436
165437
165438
165439
165440
165441
165442
165443
165444
165445
165446
165447
165448
165449
165450
165451
165452
165453
165454
165455
165459
165460
165461
165462
165463
165464
165465
165466
165467
165468
165469
165472
165473
165474
165475
165477
165478
165479
165482
165483
165484
165489
165490
165491
165492
165493
165494
165495
165496
165512
165513
165514
165515
165516
165529
165530
165531
165532
165552
165554
165555
165559
165670
165671
165682
165683
165684
165686
165688
165689
165715
165716
165720
165721
165722
165724
165725
165726
165727
165728
165730
165733
165742
165743
165744
165745
165746
165747
165748
165749
165750
165751
165752
165753
165754
165756
165757
165758
165759
165760
165762
165766
165821
165851
165852
165854
165855
165856
165858
165859
165860
165861
165862
165863
165864
165865
165866
165867
165868
165869
165870
165871
165872
165873
165874
165875
165876
165877
165878
165884
165887
165888
165889
165890
165892
165893
165894
165895
165896
165897
165898
165899
165901
165907
165909
165917
165918
165919
165920
165921
165922
165923
165924
165925
165926
165927
165928
165929
165932
165933
165935
165937
165938
165939
165940
165941
165944
165948
165949
165950
165951
165952
165955
165956
165957
165958
165959
165960
165961
165962
165963
165964
165965
165968
165969
165970
165971
165972
165973
165974
165975
165976
165977
165978
165979
165980
165981
165986
165987
165988
165989
165990
165991
165992
165993
165994
165995
165996
165997
165998
165999
166000
166003
166004
166005
166006
166007
166091
166092
166093
166094
166095
166096
166097
166098
166102
166103
166104
166105
166107
166108
166109
166110
166111
166113
166114
166115
166116
166117
166135
166136
166137
166138
166139
166140
166141
166142
166143
166144
166145
166146
166147
166151
166154
166155
166156
166157
166158
166159
166160
166161
166162
166168
166188
166191
166263
166307
166308
166309
166310
166313
166314
166316
166320
166321
166322
166324
166325
166326
166327
166328
166329
166330
166342
166343
166344
166345
166350
166351
166352
166356
166357
166358
166359
166363
166365
166411
166412
166413
166414
166415
166417
166418
166419
166422
166446
166447
166449
166482
166483
166485
166486
166487
166490
166491
166492
166549
166550
166551
166552
166553
166554
166555
166556
166557
166559
166562
166563
166564
166565
166566
166567
166568
166569
166572
166573
166574
166575
166576
166577
166578
166579
166580
166581
166582
166583
166584
166585
166668
166669
166670
166672
166674
166675
166676
166677
166678
166679
166680
166681
166682
166683
166684
166685
166686
166687
166688
166689
166690
166691
166692
166734
166736
166737
166738
166739
166740
166741
166742
166951
167313
167317
167319
167444
167449
167450
167451
167452
167460
167463
167464
167465
167469
167472
167473
167474
167475
167480
167481
167482
167483
167490
167491
167496
167497
167500
167501
167502
167503
167504
167505
167506
167518
167519
167520
167521
167522
167523
167524
167525
167526
167527
167528
167529
167530
167531
167532
167536
167537
167538
167539
167540
167541
167542
167605
167606
167607
167608
167619
167621
169903
169904
169905
169906
169907
169908
169909
169910
169916
169919
169920
169921
169922
169924
169925
169926
169927
169928
169929
169930
169931
169932
169933
169934
169935
169936
169937
169938
169939
169940
169941
169942
169943
169944
169951
169952
169956
169957
169958
169959
169960
169961
169962
169963
169964
169965
169966
169967
169968
169969
169970
169971
169973
169976
169977
169978
169981
169989
169992
169993
169994
169995
169996
169997
169999
170001
170002
170003
170004
170005
170006
170007
170008
170009
170011
170012
170013
170014
170015
170016
170017
170018
170019
170020
170021
170036
170037
170038
170039
170040
170041
170044
170045
170046
170047
170053
170054
170060
170061
170062
170063
170064
170065
170066
170068
170069
170070
170071
170072
170073
170074
170075
170076
170077
170078
170079
170080
170084
170085
170086
170087
170088
170089
170090
170091
170092
170094
170097
170098
170105
170106
170107
170109
170110
170111
170112
170113
170114
170116
170120
170121
170122
170123
170124
170125
170126
170127
170145
170146
170147
170148
170149
170150
170151
170152
170153
170154
170155
170156
170157
170158
170159
170160
170161
170162
170164
170165
170166
170167
170168
170169
170170
170171
170172
170173
170174
170175
170176
170178
170179
170180
170187
170188
170191
170192
170193
170194
170195
170196
170197
170198
170199
170200
170201
170202
170203
170204
170205
170206
170207
170208
170209
170210
170211
170212
170213
170214
170215
170216
170217
170218
170219
170220
170221
170222
170223
170224
170225
170226
170227
170235
170236
170237
170238
170239
170240
170241
170242
170244
170245
170248
170249
170253
170254
170255
170256
170257
170258
170259
170260
170261
170265
170266
170267
170268
170269
170270
170271
170273
170274
170276
170277
170278
170281
170283
170284
170285
170286
170287
170290
170291
170292
170293
170294
170295
170296
170297
170298
170299
170302
170303
170304
170305
170306
170307
170313
170314
170315
170316
170317
170318
170320
170321
170322
170325
170326
170327
170328
170329
170330
170331
170332
170333
170334
170335
170336
170337
170338
170339
170340
170341
170346
170347
170348
170349
170350
170351
170352
170353
170354
170355
170356
170357
170358
170359
170360
170361
170363
170365
170366
170367
170368
170369
170372
170373
170374
170375
170376
170377
170387
170388
170389
170390
170391
170392
170393
170394
170395
170396
170397
170398
170399
170401
170402
170403
170404
170405
170406
170407
170408
170409
170410
170411
170412
170413
170414
170415
170416
170417
170418
170419
170420
170430
170431
170432
170433
170434
170435
170438
170441
170442
170444
170445
170446
170447
170456
170458
170461
170463
170464
170465
170479
170550
170551
170552
170553
170554
170555
170556
170557
170558
170559
170560
170561
170562
170563
170564
170565
170566
170569
170570
170572
170573
170574
170575
170576
170657
170658
170659
170660
170662
170663
170664
170666
170669
170671
170672
170677
170678
170679
170680
170683
170684
170685
170686
170715
170716
170717
170718
170719
170723
170727
170728
170730
170749
170750
170753
170754
170755
170757
170758
170759
170764
170767
170769
170771
170772
170775
170776
170777
170778
170779
170780
170781
170782
170783
170791
170792
170796
170799
170801
170803
170807
170809
170810
170815
170817
170819
170821
170823
170824
170828
170829
170830
170863
170864
170865
170866
170867
170868
170869
170870
170873
170874
170875
170876
170877
170878
170879
170880
170881
170882
170884
170885
170886
170887
170889
170890
170891
170892
170893
170894
170895
170896
170897
171098
171099
171100
171101
171102
171103
171104
171105
171106
171107
171108
171109
171110
171111
171112
171113
171114
171134
171135
171136
171138
171139
171140
171141
171142
171143
171144
171145
171146
171147
171148
171149
171165
171167
171168
171169
171170
171171
171172
171173
171174
171177
171180
171181
171182
171183
171186
171188
171196
171198
171199
171200
171201
171203
171204
171205
171206
171207
171208
171211
171212
171213
171214
171215
171216
171217
171218
171219
171220
171221
171222
171223
171224
171225
171226
171227
171228
171229
171231
171232
171233
171236
171237
171238
171239
171240
171241
171249
171250
171251
171252
171253
171254
171255
171256
171257
171258
171259
171260
171261
171262
171263
171264
171265
171266
171267
171268
171269
171270
171271
171272
171273
171274
171275
171276
171277
171279
171280
171281
171288
171289
171290
171291
171292
171293
171294
171295
171297
171298
171300
171301
171302
171303
171304
171305
171306
171307
171308
171309
171310
171311
171312
171313
171315
171316
171317
171318
171319
171320
171321
171322
171323
171453
171466
171469
171504
171505
171506
171507
171508
171509
171510
171511
171512
171513
171514
171515
171516
171517
171518
171519
171520
171521
171522
171523
171524
171525
171526
171527
171533
171534
171535
171536
171537
171538
171539
171636
171637
171638
171650
171651
171652
171653
171655
171656
171658
171659
171924
171925
171927
171928
171929
171930
171932
171933
171934
171935
171936
171937
171938
171939
171940
171954
171955
171956
171957
171958
171959
171960
171961
171963
171964
171965
171966
171967
171968
171969
171970
171997
171998
171999
172000
172001
172002
172003
172004
172005
172006
172007
172009
172010
172012
172013
172014
172015
172016
172017
172018
172019
172020
172021
172022
172023
172024
172025
172026
172027
172028
172042
172043
172044
172045
172046
172047
172048
172049
173696
173697
173700
173701
173704
173705
173707
173708
173719
173736
173737
173738
173739
173740
173741
173742
173743
173744
173745
173746
173747
173748
173749
173750
173751
173755
173756
173757
173758
173759
173765
173766
173767
173768
173769
173770
173771
173772
173773
173774
173775
173776
173777
173778
173779
173780
173781
173782
173783
173793
173803
173804
173805
173806
173807
173808
173809
173810
173811
173812
173813
173814
173815
173816
173817
173818
173819
173820
173821
173822
173823
173824
173827
173828
173834
173835
173836
173837
173838
173839
173840
173841
173842
173843
173844
173845
173846
173847
173867
173869
173870
173871
173872
173873
173874
173875
173876
173877
173878
173879
173880
173881
173882
173883
173884
173885
173886
173887
173888
173889
173890
173893
173894
173895
173896
173910
173911
173912
173913
173914
173915
173916
173917
173918
173919
173920
173921
173922
173923
173925
173926
173938
173939
173944
173945
173946
173947
173948
173949
173950
173951
173952
173953
173954
173955
173956
173957
173958
173959
173960
173961
173962
173963
173964
173972
173973
173974
173977
173980
173981
173983
173984
173985
173986
173987
173990
173991
173992
174049
174066
174068
174069
174070
174071
174072
174076
174077
174079
174080
174081
174082
174083
174086
174088
174089
174090
174091
174093
174096
174098
174103
174104
174105
174106
174107
174108
174109
174110
174111
174112
174113
174116
174118
174119
174123
174168
174187
174188
174189
174190
174191
174192
174195
174196
174197
174198
174199
174200
174201
174202
174220
174222
174223
174261
174262
174263
174264
174265
174266
174267
174268
174269
174270
174271
174272
174273
174413
174414
174419
174420
174421
174422
174423
174424
174426
174427
174436
174437
174438
174439
174441
174442
174443
174445
174446
174447
174448
174449
174450
174451
174452
174456
174457
174458
174459
174460
174470
174474
174477
174478
174479
174480
174481
174482
174483
174485
174486
174487
174488
174489
174490
174491
174492
174493
174589
174590
174591
174592
174596
174597
174601
174604
174605
174606
174607
174608
174609
174612
174613
174614
174616
174617
174618
174619
174620
174621
174622
174623
174624
174629
174630
174631
174632
174634
174635
174636
174643
174650
174651
174652
174653
174655
174656
174657
174658
174659
174660
174662
174663
174664
174665
174666
174667
174668
174669
174670
174671
174672
174673
174674
174675
174676
174677
174678
174683
174685
174686
174687
174688
174689
174690
174691
174692
174693
174695
174696
174697
174698
174699
174700
174701
174702
174703
174704
174705
174706
174707
174708
174709
174710
174711
174712
174713
174714
174715
174716
174717
174718
174720
174721
174722
174723
174724
174725
174736
174737
174738
174740
174741
174742
174743
174744
174745
174746
174747
174749
174751
174753
174761
174763
174765
174817
174818
174819
174820
174821
174822
174823
174824
174825
174826
174827
174828
174829
174830
174831
174832
174833
174834
174835
174846
174847
174848
174849
174850
174851
174852
174853
174854
174855
174856
174857
174858
174859
174860
174861
174862
174863
174864
174865
174866
174867
174868
174869
174870
174871
174872
174873
174874
174875
174878
174879
174880
174881
174882
174883
174888
174889
174890
174891
174892
174893
174894
174895
174896
174897
174898
174899
174900
174901
174902
174903
174904
174905
174906
174909
174910
174911
174912
174918
174919
174920
174921
174922
174923
174924
174925
174926
174927
174928
174929
174930
174931
174932
174933
174934
174935
174936
174937
174938
174939
174940
174941
174942
174943
174944
174945
174946
174948
174949
174950
174957
174958
174959
174960
174961
174962
174964
174965
174966
174967
174968
174969
174970
174971
174972
174973
174974
174975
174976
174977
174978
174979
174980
174981
174982
174983
174984
174985
174986
174989
174990
174991
174992
174993
174994
174995
174997
174998
174999
175000
175002
175003
175004
175005
175006
175007
175008
175009
175010
175011
175012
175013
175152
175153
175154
175155
175162
175163
175164
175165
175166
175167
175168
175169
175170
175171
175172
175173
175175
175176
175178
175179
175180
175190
175191
175192
175197
175198
175199
175200
175201
175202
175203
175204
175205
175206
175208
175209
175210
175212
175214
175215
175216
175217
175222
175223
175224
175225
175226
175227
175228
175229
175230
175231
175232
175233
175235
175236
175240
175241
175244
175250
175251
175252
175262
175265
175266
175267
175268
175269
175270
175271
175272
175273
175274
175275
175277
175278
175279
175280
175281
175282
175283
175284
175285
175286
175287
175288
175289
175290
175291
175292
175293
175294
175297
175298
175299
175300
175301
175302
175303
175304
175305
175306
175307
175308
175309
175310
175311
175312
175313
175314
175317
175318
175319
175320
175321
175322
175349
175350
175351
175352
175353
175354
175355
175356
175358
175359
175360
175363
175364
175420
175423
175424
175425
175427
175428
175429
175430
175431
175432
175433
175436
175437
175438
175439
175441
175442
175443
175445
175446
175471
175472
175473
175474
175475
175476
175477
175480
175484
175489
175490
175491
175492
175493
175494
175495
175496
175497
175498
175499
175502
175503
175504
175505
175506
175507
175508
175509
175510
175513
175514
175515
175517
175520
175521
175522
175523
175524
175525
175526
175527
175528
175529
175530
175534
175535
175538
175539
175540
175541
175542
175543
175544
175549
175551
175552
175553
175554
175555
175556
175557
175560
175566
175567
175568
175569
175571
175583
175586
175587
175588
175589
175591
175592
175595
175598
175599
175600
175601
175602
175603
175604
175606
175607
175609
175610
175611
175612
175621
175622
175887
175888
175889
175899
175900
175901
175902
175903
175904
175919
175920
175921
175922
175923
175924
175925
175926
175927
175928
175929
175930
175931
175932
175933
175934
175935
176003
176014
176015
176018
176019
176020
176021
176022
176023
176024
176030
176031
176032
176033
176034
176035
176036
176037
176038
176039
176040
176041
176042
176043
176044
176045
176046
176047
176048
176049
176050
176051
176052
176053
176054
176055
176056
176057
176059
176060
176061
176066
176067
176068
176069
176070
176071
176072
176073
176074
176075
176091
176092
176095
176096
176098
176099
176100
176101
176102
176108
176109
176110
176111
176115
176116
176118
176119
176125
176126
176131
176132
176133
176134
176135
176136
176138
176140
176141
176150
176151
176152
176153
176154
176155
176156
176157
176209
176218
176219
176220
176223
176224
176225
176226
176227
176228
176229
176230
176233
176234
176235
176236
176237
176246
176247
176248
176250
176251
176252
176253
176254
176255
176256
176257
176258
176259
176260
176261
176262
176263
176264
176265
176266
176267
176268
176286
176287
176288
176289
176290
176291
176292
176293
176294
176295
176296
176297
176300
176301
176302
176303
176304
176305
176306
176307
176308
176309
176310
176311
176312
176318
176319
176320
176321
176322
176324
176325
176327
176335
176336
176337
176338
176339
176340
176342
176343
176344
176345
176346
176347
176348
176349
176356
176421
176422
176423
176424
176425
176426
176427
176428
176429
176430
176431
176432
176439
176440
176441
176442
176443
176444
176445
176446
176447
176448
176451
176452
176453
176454
176455
176456
176457
176458
176459
176460
176462
176463
176464
176465
176466
176467
176468
176469
176470
176471
176472
176473
176474
176515
176516
176517
176518
176519
176520
176521
176522
176523
176524
176525
176526
176527
176528
176529
176699
176732
176733
176734
176735
176737
176738
176739
176740
176741
176742
176743
176744
176745
176746
176747
176748
176749
176750
176751
176752
176764
176766
176767
176768
176769
176770
176771
176772
176773
176774
176775
176776
176777
176778
176779
176780
176787
176788
176789
176790
176791
176792
176793
176794
176795
176796
176797
176803
176805
176807
176808
176809
176812
176813
176814
176815
176816
176817
176818
176849
176850
176851
176852
176853
176854
176855
176856
176857
176858
176859
176860
176866
176867
176869
176878
176879
176880
176881
176882
176883
176884
176885
176886
176887
176888
176889
176890
176891
176892
176893
176894
176895
176896
176897
176898
176899
176900
176901
176902
176903
176904
176908
176909
176910
176911
176917
176918
176919
176920
176921
176922
176923
176924
176925
176926
176927
176928
176929
176930
176931
176932
176934
176935
176936
176937
176938
176939
176940
176941
176942
176943
176944
176945
176946
176947
176951
176952
176953
176954
176955
176957
176958
176959
176960
176962
176963
176964
176965
176966
176967
176968
176969
176970
176971
176972
176973
176974
176975
176976
176977
176978
176979
176980
176983
176984
176985
176986
176987
176988
176989
176990
176991
176992
176998
176999
177000
177003
177004
177007
177008
177009
177010
177013
177014
177015
177016
177017
177018
177019
177021
177022
177055
177056
177058
177059
177060
177061
178495
178496
178503
178508
178509
178512
178513
178514
178515
178516
178519
178520
178521
178524
178525
178529
178530
178533
178534
178535
178536
178537
178538
178548
178552
178555
178556
178557
178558
178559
178560
178561
178562
178564
178565
178566
178567
178568
178569
178570
178607
178620
178630
178632
178634
178635
178636
178637
178639
178640
178641
178642
178643
178646
178647
178648
178649
178650
178651
178652
178653
178724
178735
178740
178741
178742
178743
178744
178745
178749
178751
178752
178778
178779
178780
178784
178785
178787
178788
178789
178790
178791
178829
178872
178878
178890
178893
178897
178898
178899
178900
178901
178902
178903
178904
178905
178910
178911
178912
178913
178914
178915
178918
178924
178927
178928
178979
178980
178981
178982
178983
178984
178985
178986
178987
178988
178994
178995
178996
178998
179001
179003
179004
179007
179009
179010
179011
179019
179020
179021
179022
179024
179026
179027
179028
179041
179042
179043
179044
179045
179046
179048
179049
179050
179051
179064
179065
179066
179067
179068
179069
179070
179071
179072
179073
179074
179075
179076
179077
179078
179079
179082
179083
179085
179129
179130
179131
179132
179133
179134
179135
179136
179137
179138
179139
179140
179141
179142
179143
179144
179145
179146
179150
179151
179152
179153
179154
179159
179162
179163
179164
179165
179166
179167
179168
179169
179170
179171
179172
179173
179174
179175
179176
179177
179178
179179
179180
179183
179184
179185
179186
179379
179380
179382
179384
179386
179388
179389
179390
179391
179392
179396
179399
179400
179402
179403
179404
179405
179407
179410
179414
179415
179416
179417
179418
179419
179420
179442
179443
179444
179482
179503
179504
179505
179506
179507
179508
179509
179510
179511
179512
179513
179514
179515
179516
179517
179518
179519
179520
179521
179522
179523
179524
179525
179526
179527
179528
179529
179530
179531
179532
179533
179534
179535
179566
179568
179569
179570
179571
179573
179576
179577
179578
179579
179581
179582
179583
179584
179585
179586
179587
179588
179589
179590
179591
179592
179593
179594
179595
179606
179607
179608
179609
179610
179611
179612
179613
179614
179615
179616
179617
179618
179619
179620
179621
179622
179623
179684
179686
179687
179688
179690
179691
179694
179695
179696
179698
179980
180103
180145
180147
180151
180152
180154
180157
180159
180160
180161
180162
180173
180174
180175
180176
180177
180180
180181
180182
180183
180184
180185
180186
180187
180188
180189
180190
180191
180192
180193
180194
180196
180197
180201
180202
180203
180205
180206
180209
180210
180211
180212
180213
180214
180215
180217
180218
180220
180221
180222
180224
180225
180228
180229
180230
180231
180232
180233
180369
180370
180371
180372
180373
180374
180375
180376
180377
180378
180379
180380
180381
180382
180383
180384
180385
180386
180387
180388
180389
180390
180391
180392
180393
180394
180395
180396
180397
180398
180399
180400
180401
180402
180403
180422
180423
180424
180425
180426
180427
180429
180430
180431
180434
180435
180436
180437
180438
180446
180447
180448
180449
180450
180451
180452
180453
180454
180455
180456
180457
180458
180459
180461
180469
180471
180472
180473
180474
180504
180507
180514
180515
180516
180519
180520
180523
180526
180527
180528
180529
180530
180531
180533
180536
180537
180599
180600
180601
180602
180603
180604
180606
180607
180612
180613
180614
180615
180616
180619
180620
180621
180622
180623
180624
180625
180628
180629
180630
180631
180632
180633
180634
180635
180636
180637
180640
180641
180642
180643
180644
180645
180646
180647
180653
180654
180655
180656
180657
180658
180659
180660
180661
180663
180664
180665
180666
180667
180668
180669
180670
180671
180672
180673
180674
180675
180676
180679
180680
180681
180682
180683
180684
180685
180686
180687
180689
180690
180691
180692
180693
180694
180699
180700
180701
180702
180703
180706
180707
180708
180709
180710
180711
180712
180713
180714
180715
180716
180717
180718
180719
180720
180721
180722
180724
180725
180726
180727
180728
180729
180730
180731
180732
180733
180744
180745
180748
180753
180755
180758
180763
180777
180787
180789
180796
180797
180799
180801
180804
180805
180806
180808
180810
180811
180812
180813
180879
180882
180883
180885
180888
180889
180890
180891
180892
180893
180894
180904
180905
180906
180908
180909
180911
180912
180913
180914
180915
180916
182360
182367
182368
182379
182392
182393
182394
182395
182396
182397
182399
182613
182621
182622
182624
182625
182627
182629
182635
182636
182639
182640
182641
182642
182643
182644
182645
182646
182659
182660
182669
182670
182671
182672
182673
182674
182675
182676
182677
182679
182681
182682
182683
182685
182701
182702
182703
182709
182718
182719
182722
182724
182725
182732
182741
182742
182743
182745
182746
182748
182749
183988
183989
184025
184029
184032
184047
184048
184049
184050
184051
184056
184057
184058
184194
184195
184196
184198
184199
184204
184207
184222
184225
184228
184230
184231
184232
184280
184281
184282
184283
184284
184285
184286
184287
184308
184309
184310
184311
184312
184313
184314
184315
184316
184317
184318
184319
184320
184321
184322
184323
184324
184325
184326
184327
184328
184329
184330
184331
184332
184333
184334
184335
184427
184428
184429
184430
184431
184432
184433
184434
184436
184437
184438
184439
184440
184442
184443
184444
184446
184447
184448
184449
184450
184452
184453
184454
184457
184468
184469
184488
184495
184497
184499
184500
184501
184502
184503
184504
184506
184507
184508
184509
184510
184511
184559
184560
184561
184565
184566
184567
184792
184796
184803
184859
184864
184866
184867
184904
184911
185081
185097
185110
185125
185142
185156
185166
185167
185168
185171
185172
185173
185175
185176
185179
185208
185210
185217
185218
185240
185241
185242
185243
185244
185245
185246
185247
185248
185283
185284
185288
185289
185290
185291
185292
185293
185294
185295
185296
185297
185298
185299
185300
185301
185302
185303
185307
185308
185310
185311
185312
185313
185314
185317
185318
185321
185322
185323
185324
185326
185327
185329
185330
185331
185332
185333
185335
185336
185339
185340
185341
185342
185343
185344
185345
185346
185347
185348
185350
185351
185352
185353
185354
185355
185356
185357
185358
185362
185363
185365
185366
185367
185368
185369
185371
185372
185373
185374
185375
185377
185385
185386
185387
185388
185389
185390
185391
185392
185393
185400
185401
185402
185403
185404
185405
185406
185407
185408
185409
185410
185411
185412
185430
185432
185433
185434
185435
185436
185437
185438
185439
185440
185442
185445
185447
185448
185945
185946
185947
185948
185949
185950
185951
185952
185953
185954
185955
185956
185957
185959
185961
185962
185963
185964
185965
185966
185968
185978
185979
185980
185981
185982
185983
185984
185985
185986
185989
185991
185992
185997
185998
185999
186000
186001
186002
186003
186045
186047
186048
186049
186052
186053
186054
186055
186056
186057
186058
186059
186060
186061
186062
186064
186065
186066
186067
186068
186069
186070
186071
186072
186074
186075
186076
186105
186106
186107
186108
186109
186110
186111
186112
186113
186114
186115
186116
186117
186118
186119
186120
186121
186126
186127
186128
186129
186130
186131
186132
186133
186134
186135
186193
186194
186195
186197
186198
186200
186202
186207
186208
186209
186210
186211
186212
186216
186217
186221
186223
186227
186228
186230
186231
186232
186233
186251
186252
186253
186254
186255
186256
186257
186258
186259
186260
186262
186263
186265
186267
186268
186269
186271
186272
186273
186276
186277
186278
186279
186281
186282
186283
186284
186285
186286
186287
186288
186289
186290
186291
186292
186794
186795
186796
186797
186803
186804
186844
186845
186846
186847
186848
186849
186850
186851
186861
186862
186863
186864
186865
186866
186867
186868
186869
186870
186872
186873
186874
186875
186876
186877
186878
186879
186880
186882
186883
186884
186885
186892
186893
186894
186896
186898
186899
186901
186904
186905
186906
186907
186908
186909
186910
186911
186912
186913
186914
186915
186916
186918
186919
186921
186922
186923
186924
186925
186926
186929
186930
186931
186932
186939
186940
186941
186942
186943
186944
186945
186946
186947
186948
186949
186950
186951
186952
186953
186973
186974
186975
186976
186978
186979
186980
186981
186982
186983
186984
186985
186987
186988
186989
186992
186993
186994
186996
186997
186998
186999
187000
187001
187002
187003
187004
187005
187006
187018
187023
187049
187050
187051
187052
187053
187054
187055
187056
187057
187058
187067
187068
187069
187070
187071
187072
187073
187074
187075
187076
187077
187078
187079
187082
187083
187084
187085
187086
187087
187088
187089
187090
187091
187092
187093
187094
187095
187096
187100
187102
187103
187104
187105
187106
187107
187108
187109
187110
187111
187112
187113
187114
187115
187116
187117
187118
187119
187120
187121
187122
187123
187125
187126
187127
187128
187129
187130
187131
187132
187133
187134
187176
187177
187178
187179
187180
187181
187182
187183
187184
187185
187186
187187
187195
187197
187198
187199
187200
187201
187202
187203
187204
187205
187206
187207
187208
187210
187211
187212
187213
187214
187215
187216
187217
187218
187219
187220
187221
187222
187223
187225
187227
187228
187245
187246
187247
187249
187250
187251
187252
187253
187254
187255
187256
187257
187258
187262
187263
187264
187265
187266
187267
187268
187269
187270
187271
187272
187273
187274
187277
187278
187279
187280
187281
187282
187283
187284
187289
187290
187291
187292
187294
187295
187298
187299
187300
187301
187302
187304
187305
187306
187307
187308
187309
187310
187311
187312
187313
187314
187315
187316
187317
187320
187321
187322
187323
187324
187325
187326
188729
188740
188741
188746
188747
188764
188765
188766
188767
188817
188845
188846
188850
188851
188866
188867
188960
188961
188963
188966
188967
188968
188969
188970
188971
188972
188973
188974
188975
188976
188977
188978
188979
188980
188981
188982
188983
188984
188985
188991
188992
188993
188996
189004
189005
189007
189008
189009
189010
189011
189012
189013
189015
189016
189017
189020
189021
189022
189023
189024
189025
189026
189027
189028
189029
189030
189031
189032
189037
189040
189041
189042
189043
189044
189045
189046
189049
189050
189051
189052
189053
189054
189055
189056
189059
189060
189061
189062
189063
189064
189066
189067
189068
189069
189070
189071
189072
189073
189074
189075
189080
189081
189083
189084
189085
189086
189088
189089
189090
189091
189092
189093
189094
189095
189096
189097
189098
189099
189100
189101
189102
189104
189105
189106
189107
189108
189109
189110
189111
189112
189113
189114
189138
189143
189156
189157
189158
189159
189160
189161
189162
189163
189164
189165
189166
189167
189180
189181
189187
189188
189189
189190
189191
189192
189193
189194
189195
189196
189197
189198
189200
189201
189203
189204
189205
189206
189207
189238
189239
189240
189241
189242
189243
189244
189245
189246
189258
189261
189262
189263
189264
189265
189267
189268
189270
189271
189272
189273
189274
189275
189276
189277
189284
189285
189286
189287
189289
189290
189291
189292
189293
189294
189295
189296
189297
189298
189300
189301
189302
189303
189305
189306
189307
189308
189309
189310
189312
189313
189314
189315
189316
189328
189329
189330
189331
189333
189334
189335
189336
189337
189338
189339
189340
189341
189342
189344
189345
189346
189359
189360
189361
189362
189363
189364
189365
189366
189367
189368
189369
189370
189371
189372
189373
189383
189386
189387
189389
189404
189405
189406
189407
189409
189412
189413
189414
189417
189418
189419
189420
189424
189425
189426
189427
189428
189429
189430
189442
189443
189444
189445
189460
189461
189463
189464
189465
189466
189467
189468
189469
189472
189475
189488
189489
189490
189491
189492
189493
189494
189500
189501
189502
189503
189504
189505
189508
189509
189510
189511
189512
189513
189514
189515
189521
189522
189523
189524
189530
189537
189540
189543
189544
189545
189546
189547
189548
189549
189550
189551
189552
189553
189554
189555
189557
189558
189559
189560
189561
189562
189563
189564
189565
189566
189567
189568
189569
189570
189571
189572
189573
189577
189578
189579
189580
189581
189582
189583
189584
189585
189586
189587
189588
189589
189590
189591
189593
189596
189597
189598
189601
189602
189603
189604
189605
189606
189607
189609
189610
189611
189612
189613
189614
189615
189616
189617
189618
189619
189620
189622
189629
189630
189631
189632
189634
189635
189636
189637
189638
189639
189640
189641
189642
189644
189645
189646
189647
189649
189650
189651
189652
189653
189657
189658
189659
189670
189671
189672
189673
189676
189677
189678
189679
189680
189681
189682
189683
189684
189685
189686
189687
189688
189689
189690
189691
189692
189693
189694
189695
189696
189697
189698
189699
189701
189702
189718
189719
189720
189721
189722
189723
189724
189725
189726
189727
189728
189729
189731
189732
189733
189737
189738
189739
189741
189742
189743
189744
189745
189746
189830
189831
189833
189834
189835
189836
189840
189841
189842
189867
189868
189869
189870
189871
189872
189873
189874
190917
190918
190919
190920
190922
190925
190928
190929
190932
190936
190937
190938
190942
190957
190958
190959
190960
190961
190964
190965
190966
190968
190976
190977
190978
190979
190980
190982
190984
190985
190986
190992
190993
190999
191000
191001
191002
191003
191004
191005
191008
191010
191011
191012
191013
191014
191015
191017
191019
191020
191021
191022
191023
191024
191025
191027
191028
191033
191034
191035
191036
191037
191038
191039
191040
191041
191042
191043
191044
191045
191046
191047
191049
191051
191052
191053
191055
191056
191057
191058
191061
191062
191063
191064
191065
191066
191067
191158
191163
191164
191165
191169
191170
191176
191177
191180
191182
191183
191190
191191
191192
191193
191194
191195
191196
191197
191200
191201
191202
191203
191204
191205
191206
191423
191429
191432
191433
191434
191435
191436
191439
191440
191441
191442
191443
191444
191445
191446
191447
191448
191449
191450
191457
191458
191459
191464
191465
191466
191467
191468
191470
191471
191472
191477
191478
191479
191480
191482
191487
191490
191497
191498
191502
191503
191504
191507
191508
191509
191510
191511
191514
191515
191519
191520
191543
191545
191548
191549
191574
191583
191584
191585
191586
191587
191590
191591
191593
191596
191599
191600
191601
191603
191604
191608
191609
191610
191611
191612
191613
191614
191615
191616
191622
191623
191625
191626
191629
191630
191633
191634
191637
191639
191644
191647
191650
191651
191652
191655
191656
191659
191662
191663
191664
191665
191669
191670
191671
191672
191673
191674
191676
191677
191678
191679
191680
191681
191682
191683
191684
191685
191686
191687
191688
191689
191710
191711
191714
191715
191717
191718
191723
191725
191726
191727
191728
191729
191734
191735
191739
191740
191741
191742
191743
191744
191745
191746
191748
191749
191750
191754
191755
191756
191757
191777
191780
191781
191782
191784
191787
191788
191789
191790
191791
191792
191793
191795
191799
191800
191801
191803
191806
191808
191819
191820
191821
191822
191823
191824
191825
191826
191827
191828
191832
191833
191834
191835
191836
191837
191839
191840
191845
191846
191859
191860
191863
191864
191865
191867
191868
191869
191870
191878
191896
191900
191914
191915
191916
191917
191918
191919
191921
191923
191941
191942
191943
191944
191945
191946
191947
191948
191949
191950
191951
191952
191953
191954
191955
191962
191963
191964
191965
191966
191967
191968
191969
191971
191972
191975
191976
191978
191979
191980
191981
191982
191983
191985
191986
191987
191988
191989
191990
191991
192003
192005
192007
192008
192009
192010
192011
192012
192013
192014
192015
192016
192017
192018
192019
192039
192040
192041
192042
192043
192044
192045
192046
192047
192050
192051
192052
192055
192080
192081
192088
192089
192090
192091
192092
192096
192097
192098
192112
192125
192126
192127
192128
192129
192130
192131
192132
192133
192135
192136
192137
192138
192139
192140
192141
192142
192205
192206
192207
192208
192210
192211
192212
192213
192214
192219
192220
192221
192222
192223
192224
192225
192226
192227
192228
192229
192231
192232
192233
192235
192236
192237
192238
192239
192240
192241
192244
192245
192246
192247
192248
192249
192250
192251
192252
192256
192259
192260
192261
192262
192268
192269
192270
192271
192273
192274
192275
192276
192277
192278
192279
192280
192288
192289
192290
192291
192293
192295
192296
192302
192303
192304
192305
192307
192309
192310
192311
192313
192315
192385
192386
192387
192388
192389
192390
192391
192392
192393
192394
192395
192396
192397
192398
192400
192403
192404
192409
192410
192411
192412
192413
192414
192415
192416
192417
192427
192434
192435
192452
192453
192454
192457
192460
192461
192462
192463
192464
192465
192470
192471
192472
192473
192474
192475
192476
192477
192478
192479
192706
192707
192708
192709
192718
192719
192720
192722
192723
192724
192725
192757
192758
192759
192760
192761
192762
192763
192764
192765
192766
192767
192768
192769
192770
192771
192772
192773
192774
192779
192780
192781
192782
192783
192784
192785
192786
192787
192788
192790
192792
192793
192842
192848
192849
192850
192851
192852
192853
192854
192856
192857
192861
192877
192878
192879
192880
192881
192882
192883
192884
192885
192886
192887
192890
192912
192913
192914
192915
192917
192918
192920
192921
192922
193024
193082
193083
193084
193085
193086
193087
193088
193090
193091
193092
193093
193094
193095
193096
193097
193112
193127
193128
193129
193130
193131
193148
193149
193150
193151
193202
193203
193204
193205
193206
193207
193208
193209
193210
193211
193212
193243
193245
193249
193252
193253
193256
193257
193267
193268
193271
193272
193273
193274
193276
193277
193278
193279
193280
193281
193282
193285
193286
193287
193288
193289
193290
193291
193293
193294
193299
193300
193301
193303
193305
193310
193312
193319
193320
193321
193322
193323
193325
193328
193330
193346
193347
193348
193349
193350
193351
193352
193353
193354
193355
193356
193357
193359
193361
193362
193363
193364
193365
193366
193367
193368
193369
193370
193371
193372
193373
